447 326 11 0 0 0 0 0 0 0
656 213 11 0 0 0 0 0 0 0
726 822 12 0 0 0 0 0 0 0
54 624 528 247 12 0 0 0 0 0
54 624 528 12 0 0 0 0 0 0
54 624 247 12 0 0 0 0 0 0
54 624 12 0 0 0 0 0 0 0
54 528 247 12 0 0 0 0 0 0
54 528 12 0 0 0 0 0 0 0
54 247 12 0 0 0 0 0 0 0
167 703 12 0 0 0 0 0 0 0
609 69 12 0 0 0 0 0 0 0
201 668 11 0 0 0 0 0 0 0
685 185 11 0 0 0 0 0 0 0
94 584 11 0 0 0 0 0 0 0
130 547 12 0 0 0 0 0 0 0
81 597 11 0 0 0 0 0 0 0
91 587 289 11 0 0 0 0 0 0
91 587 11 0 0 0 0 0 0 0
91 289 11 0 0 0 0 0 0 0
652 217 11 0 0 0 0 0 0 0
139 538 12 0 0 0 0 0 0 0
119 558 11 0 0 0 0 0 0 0
99 579 11 0 0 0 0 0 0 0
635 234 12 0 0 0 0 0 0 0
827 730 11 0 0 0 0 0 0 0
717 153 11 0 0 0 0 0 0 0
97 581 11 0 0 0 0 0 0 0
172 698 12 0 0 0 0 0 0 0
653 216 12 0 0 0 0 0 0 0
134 543 11 0 0 0 0 0 0 0
150 720 247 12 0 0 0 0 0 0
150 720 12 0 0 0 0 0 0 0
150 247 12 0 0 0 0 0 0 0
174 696 12 0 0 0 0 0 0 0
200 669 12 0 0 0 0 0 0 0
246 725 821 11 0 0 0 0 0 0
246 725 11 0 0 0 0 0 0 0
246 821 11 0 0 0 0 0 0 0
580 98 12 0 0 0 0 0 0 0
599 79 695 175 12 0 0 0 0 0
599 79 695 12 0 0 0 0 0 0
599 79 175 12 0 0 0 0 0 0
599 79 12 0 0 0 0 0 0 0
599 695 175 12 0 0 0 0 0 0
599 695 12 0 0 0 0 0 0 0
599 175 12 0 0 0 0 0 0 0
550 127 11 0 0 0 0 0 0 0
625 721 149 53 725 821 11 0 0 0
625 721 149 53 725 11 0 0 0 0
625 721 149 53 821 11 0 0 0 0
625 721 149 53 11 0 0 0 0 0
625 721 149 725 821 11 0 0 0 0
625 721 149 725 11 0 0 0 0 0
625 721 149 821 11 0 0 0 0 0
625 721 149 11 0 0 0 0 0 0
625 721 53 725 821 11 0 0 0 0
625 721 53 725 11 0 0 0 0 0
625 721 53 821 11 0 0 0 0 0
625 721 53 11 0 0 0 0 0 0
625 721 725 821 11 0 0 0 0 0
625 721 725 11 0 0 0 0 0 0
625 721 821 11 0 0 0 0 0 0
625 721 11 0 0 0 0 0 0 0
625 149 53 725 821 11 0 0 0 0
625 149 53 725 11 0 0 0 0 0
625 149 53 821 11 0 0 0 0 0
625 149 53 11 0 0 0 0 0 0
625 149 725 821 11 0 0 0 0 0
625 149 725 11 0 0 0 0 0 0
625 149 821 11 0 0 0 0 0 0
625 149 11 0 0 0 0 0 0 0
625 53 725 821 11 0 0 0 0 0
625 53 725 11 0 0 0 0 0 0
625 53 821 11 0 0 0 0 0 0
625 53 11 0 0 0 0 0 0 0
625 725 821 11 0 0 0 0 0 0
625 725 11 0 0 0 0 0 0 0
625 821 11 0 0 0 0 0 0 0
355 539 138 11 0 0 0 0 0 0
355 539 11 0 0 0 0 0 0 0
355 138 11 0 0 0 0 0 0 0
721 149 53 725 821 11 0 0 0 0
721 149 53 725 11 0 0 0 0 0
721 149 53 821 11 0 0 0 0 0
721 149 53 11 0 0 0 0 0 0
721 149 725 821 11 0 0 0 0 0
721 149 725 11 0 0 0 0 0 0
721 149 821 11 0 0 0 0 0 0
721 149 11 0 0 0 0 0 0 0
721 53 725 821 11 0 0 0 0 0
721 53 725 11 0 0 0 0 0 0
721 53 821 11 0 0 0 0 0 0
721 53 11 0 0 0 0 0 0 0
721 725 821 11 0 0 0 0 0 0
721 725 11 0 0 0 0 0 0 0
721 821 11 0 0 0 0 0 0 0
607 71 11 0 0 0 0 0 0 0
149 53 725 821 11 0 0 0 0 0
149 53 725 11 0 0 0 0 0 0
149 53 821 11 0 0 0 0 0 0
149 53 11 0 0 0 0 0 0 0
149 725 821 11 0 0 0 0 0 0
149 725 11 0 0 0 0 0 0 0
149 821 11 0 0 0 0 0 0 0
53 725 821 11 0 0 0 0 0 0
53 725 11 0 0 0 0 0 0 0
53 821 11 0 0 0 0 0 0 0
585 93 12 0 0 0 0 0 0 0
227 642 12 0 0 0 0 0 0 0
577 101 12 0 0 0 0 0 0 0
566 111 11 0 0 0 0 0 0 0
720 247 12 0 0 0 0 0 0 0
725 821 11 0 0 0 0 0 0 0
624 528 247 12 0 0 0 0 0 0
624 247 12 0 0 0 0 0 0 0
473 204 665 11 0 0 0 0 0 0
473 204 11 0 0 0 0 0 0 0
473 665 11 0 0 0 0 0 0 0
539 138 11 0 0 0 0 0 0 0
370 318 11 0 0 0 0 0 0 0
79 695 175 12 0 0 0 0 0 0
79 695 12 0 0 0 0 0 0 0
79 175 12 0 0 0 0 0 0 0
572 106 11 0 0 0 0 0 0 0
575 103 11 0 0 0 0 0 0 0
455 318 11 0 0 0 0 0 0 0
611 67 739 11 0 0 0 0 0 0
611 67 11 0 0 0 0 0 0 0
611 739 11 0 0 0 0 0 0 0
670 199 11 0 0 0 0 0 0 0
102 576 11 0 0 0 0 0 0 0
160 710 12 0 0 0 0 0 0 0
336 533 144 12 0 0 0 0 0 0
336 533 12 0 0 0 0 0 0 0
336 144 12 0 0 0 0 0 0 0
56 622 11 0 0 0 0 0 0 0
176 694 11 0 0 0 0 0 0 0
67 739 11 0 0 0 0 0 0 0
587 289 11 0 0 0 0 0 0 0
729 247 12 0 0 0 0 0 0 0
169 701 11 0 0 0 0 0 0 0
218 651 12 0 0 0 0 0 0 0
204 665 11 0 0 0 0 0 0 0
143 534 11 0 0 0 0 0 0 0
253 59 619 12 0 0 0 0 0 0
253 59 12 0 0 0 0 0 0 0
253 619 12 0 0 0 0 0 0 0
822 528 12 0 0 0 0 0 0 0
822 247 12 0 0 0 0 0 0 0
467 664 205 11 0 0 0 0 0 0
467 664 11 0 0 0 0 0 0 0
467 880 11 0 0 0 0 0 0 0
467 205 11 0 0 0 0 0 0 0
695 175 12 0 0 0 0 0 0 0
509 267 12 0 0 0 0 0 0 0
712 158 519 12 0 0 0 0 0 0
712 158 12 0 0 0 0 0 0 0
712 519 12 0 0 0 0 0 0 0
641 228 11 0 0 0 0 0 0 0
533 144 12 0 0 0 0 0 0 0
158 519 12 0 0 0 0 0 0 0
219 650 318 11 0 0 0 0 0 0
219 650 11 0 0 0 0 0 0 0
219 318 11 0 0 0 0 0 0 0
179 691 11 0 0 0 0 0 0 0
300 880 11 0 0 0 0 0 0 0
207 662 12 0 0 0 0 0 0 0
528 247 12 0 0 0 0 0 0 0
680 190 12 0 0 0 0 0 0 0
592 86 11 0 0 0 0 0 0 0
650 318 11 0 0 0 0 0 0 0
814 909 11 0 0 0 0 0 0 0
719 623 55 151 12 0 0 0 0 0
719 623 55 12 0 0 0 0 0 0
719 623 151 12 0 0 0 0 0 0
719 623 12 0 0 0 0 0 0 0
719 247 151 12 0 0 0 0 0 0
719 247 12 0 0 0 0 0 0 0
719 55 151 12 0 0 0 0 0 0
719 55 12 0 0 0 0 0 0 0
719 151 12 0 0 0 0 0 0 0
559 118 12 0 0 0 0 0 0 0
623 247 55 12 0 0 0 0 0 0
623 247 12 0 0 0 0 0 0 0
623 55 151 12 0 0 0 0 0 0
623 55 12 0 0 0 0 0 0 0
623 151 12 0 0 0 0 0 0 0
267 77 601 12 0 0 0 0 0 0
267 77 12 0 0 0 0 0 0 0
267 601 12 0 0 0 0 0 0 0
77 601 12 0 0 0 0 0 0 0
59 619 742 12 0 0 0 0 0 0
59 619 12 0 0 0 0 0 0 0
59 742 12 0 0 0 0 0 0 0
688 182 588 90 12 0 0 0 0 0
688 182 588 12 0 0 0 0 0 0
688 182 90 12 0 0 0 0 0 0
688 182 12 0 0 0 0 0 0 0
688 588 90 12 0 0 0 0 0 0
688 588 12 0 0 0 0 0 0 0
688 90 12 0 0 0 0 0 0 0
247 55 12 0 0 0 0 0 0 0
247 151 12 0 0 0 0 0 0 0
182 588 90 12 0 0 0 0 0 0
182 588 12 0 0 0 0 0 0 0
182 90 12 0 0 0 0 0 0 0
588 90 12 0 0 0 0 0 0 0
664 880 205 11 0 0 0 0 0 0
664 880 11 0 0 0 0 0 0 0
664 205 11 0 0 0 0 0 0 0
880 205 11 0 0 0 0 0 0 0
583 95 290 12 0 0 0 0 0 0
583 95 12 0 0 0 0 0 0 0
583 290 12 0 0 0 0 0 0 0
365 551 126 11 0 0 0 0 0 0
365 551 11 0 0 0 0 0 0 0
365 126 11 0 0 0 0 0 0 0
95 290 12 0 0 0 0 0 0 0
647 222 551 126 318 11 0 0 0 0
647 222 551 126 11 0 0 0 0 0
647 222 551 318 11 0 0 0 0 0
647 222 551 11 0 0 0 0 0 0
647 222 126 318 11 0 0 0 0 0
647 222 126 11 0 0 0 0 0 0
647 222 318 11 0 0 0 0 0 0
647 222 11 0 0 0 0 0 0 0
647 551 126 318 11 0 0 0 0 0
647 551 126 11 0 0 0 0 0 0
647 551 318 11 0 0 0 0 0 0
647 551 11 0 0 0 0 0 0 0
647 126 318 11 0 0 0 0 0 0
647 126 11 0 0 0 0 0 0 0
647 318 11 0 0 0 0 0 0 0
222 551 126 318 11 0 0 0 0 0
222 551 126 11 0 0 0 0 0 0
222 551 318 11 0 0 0 0 0 0
222 551 11 0 0 0 0 0 0 0
222 126 318 11 0 0 0 0 0 0
222 318 11 0 0 0 0 0 0 0
551 126 318 11 0 0 0 0 0 0
551 126 11 0 0 0 0 0 0 0
551 318 11 0 0 0 0 0 0 0
126 318 11 0 0 0 0 0 0 0
