11 100 99
12 100 198
12 200 198
12 200 100
12 200 100 198
11 98 99
11 98 198
12 98 198
11 98 100
11 98 100 99
12 98 200
12 98 200 198
12 196 198
12 196 200
12 196 200 198
11 92 99
12 92 198
11 92 100
11 92 100 99
12 92 200
12 92 200 198
11 96 99
12 96 198
11 96 100
11 96 100 99
12 96 200
12 96 200 198
11 146 99
12 146 198
12 146 200
12 146 200 198
11 64 99
12 64 198
11 64 100
11 64 100 99
12 64 200
12 64 200 198
11 70 99
12 70 198
11 70 100
11 70 100 99
12 70 200
12 70 200 198
11 78 99
12 78 198
11 78 100
12 78 100
11 78 100 99
12 78 200
12 78 200 198
11 128 99
12 128 198
11 128 100
11 128 100 99
12 128 200
12 128 200 198
11 60 99
11 60 100
11 60 100 99
11 90 99
11 90 100
11 90 100 99
12 94 198
11 94 100
12 94 100
12 94 200
12 94 200 198
11 138 99
12 138 198
11 138 100
11 138 100 99
12 138 200
12 138 200 198
11 0 100
12 0 200
11 86 99
12 86 198
11 86 100
11 86 100 99
12 86 200
12 86 200 198
12 114 198
12 114 200
12 114 200 198
11 52 99
11 52 100
11 52 100 99
11 76 99
11 76 100
11 76 100 99
11 82 99
12 82 198
11 82 100
12 82 100
11 82 100 99
12 82 200
12 82 200 198
12 150 198
12 150 200
12 150 200 198
12 154 198
12 154 200
12 154 200 198
11 74 99
11 74 100
11 74 100 99
12 108 198
12 108 200
12 108 200 198
11 106 99
12 106 198
11 106 100
11 106 100 99
12 106 200
12 106 200 198
12 122 198
12 122 200
12 122 200 198
11 126 99
12 126 198
11 126 100
11 126 100 99
12 126 200
12 126 200 198
11 72 99
12 72 198
11 72 100
12 72 100
11 72 100 99
12 72 200
12 72 200 198
12 72 78
12 72 78 198
12 72 78 200
12 72 78 200 198
12 112 198
12 112 200
12 112 200 198
11 152 198
12 152 198
12 152 200
12 152 200 198
11 84 99
12 84 198
11 84 100
11 84 100 99
12 84 200
12 84 200 198
11 107 99
11 107 100
11 107 100 99
11 85 99
11 85 100
11 85 100 99
11 71 99
11 71 100
11 71 100 99
12 120 198
12 120 200
12 120 200 198
12 214 198
12 214 200
12 214 200 198
12 266 198
12 266 200
12 266 200 198
12 118 198
12 118 200
12 118 200 198
12 116 198
11 116 100
12 116 100
12 116 200
12 116 200 198
12 136 198
12 136 200
12 136 200 198
12 144 198
12 144 200
12 144 200 198
12 180 198
12 180 200
12 180 200 198
12 134 198
12 134 200
12 134 200 198
12 202 198
12 202 200
12 202 200 198
11 81 99
11 81 100
11 81 100 99
11 61 99
11 61 100
11 61 100 99
11 62 99
11 62 100
11 62 100 99
11 80 99
12 80 198
11 80 100
11 80 100 99
12 80 200
12 80 200 198
12 130 198
12 130 200
12 130 200 198
12 192 198
12 192 200
12 192 200 198
11 104 99
12 104 198
12 104 200
12 104 200 198
11 75 99
11 75 100
11 75 100 99
11 44 99
11 44 100
11 44 100 99
12 224 198
12 224 200
12 224 200 198
11 79 99
11 79 100
11 79 100 99
12 172 198
12 172 200
12 172 200 198
11 115 99
11 115 100
11 115 100 99
11 63 99
11 63 100
11 63 100 99
12 252 198
12 252 200
12 252 200 198
11 45 99
11 45 100
11 45 100 99
12 164 198
12 164 200
12 164 200 198
11 58 99
11 58 100
11 58 100 99
12 194 198
12 194 200
12 194 200 198
11 56 99
11 56 100
11 56 100 99
11 88 99
11 88 100
11 88 100 99
12 148 198
12 148 200
12 148 200 198
12 158 198
12 158 200
12 158 200 198
11 67 99
11 67 100
11 67 100 99
11 48 99
11 48 100
11 48 100 99
12 316 198
12 316 196
12 316 196 198
11 55 99
11 55 100
11 55 100 99
12 212 198
12 212 200
12 212 200 198
11 54 99
11 54 100
11 54 100 99
12 124 198
12 124 200
12 124 200 198
11 50 99
11 50 100
11 50 100 99
12 190 198
12 190 200
12 190 200 198
11 46 99
11 46 100
11 46 100 99
12 142 198
12 142 200
12 142 200 198
11 109 99
11 109 100
11 109 100 99
11 102 99
11 102 100
11 102 100 99
12 160 198
12 160 200
12 160 200 198
11 68 99
11 68 100
11 68 100 99
12 162 198
12 162 200
12 162 200 198
12 186 198
12 186 200
12 186 200 198
11 65 99
11 65 100
11 65 100 99
12 210 198
12 210 200
12 210 200 198
11 57 99
11 57 100
11 57 100 99
11 564 99
11 564 100
11 564 100 99
11 101 99
11 101 100
11 101 100 99
12 226 198
12 226 200
12 226 200 198
11 73 99
11 73 100
11 73 100 99
11 133 99
11 133 100
11 133 100 99
12 240 198
12 132 198
12 132 200
12 132 200 198
11 51 99
11 51 100
11 51 100 99
11 66 99
11 66 100
11 66 100 99
12 166 198
12 166 200
12 166 200 198
12 292 198
12 292 200
12 292 200 198
11 91 99
11 91 100
11 91 100 99
11 113 99
11 113 100
11 113 100 99
11 468 99
11 468 100
11 468 100 99
12 728 198
12 728 200
12 728 200 198
12 188 198
12 188 200
12 188 200 198
12 650 198
12 650 200
12 650 200 198
11 97 99
11 97 100
11 97 100 99
11 123 99
12 170 198
12 170 200
12 170 200 198
11 131 99
11 131 100
11 131 100 99
11 111 99
11 111 100
11 111 100 99
12 208 198
12 208 200
12 208 200 198
12 208 196
12 208 196 198
11 161 99
11 161 98
11 161 98 99
11 105 99
11 105 100
11 105 100 99
12 296 198
12 296 200
12 296 200 198
12 1134 198
12 1134 200
12 1134 200 198
11 16 99
11 16 100
11 16 100 99
12 808 198
12 808 200
12 808 200 198
11 69 99
11 69 100
11 69 100 99
12 1260 198
12 222 198
11 433 99
11 433 100
11 433 100 99
11 447 99
11 447 100
11 447 100 99
11 542 96
12 542 96
12 348 198
12 348 196
12 348 196 198
12 960 198
12 960 200
12 960 200 198
12 238 198
12 258 198
11 59 99
11 59 100
11 59 100 99
12 234 198
12 234 200
12 234 200 198
12 720 198
12 720 200
12 720 200 198
11 26 99
11 26 100
11 26 100 99
11 135 99
11 23 99
11 23 100
11 23 100 99
11 143 99
12 284 198
12 218 198
12 218 200
12 218 200 198
11 312 99
11 312 100
11 312 100 99
11 103 99
11 103 100
11 103 100 99
11 151 99
11 586 99
11 586 100
11 586 100 99
12 168 198
12 168 200
12 168 200 198
11 30 99
11 30 100
11 30 100 99
11 119 99
12 260 198
11 36 99
11 36 100
11 36 100 99
12 1062 198
12 1062 200
12 1062 200 198
